0
188
8 0
10 1
12 2
14 5
20 23
22 35
24 39
26 68
28 75
30 84
32 89
34 91
36 96
38 97
40 101
42 115
48 117
52 122
56 132
58 134
60 159
62 161
64 164
66 165
72 166
74 170
76 174
78 184
80 185
82 186
84 187
88 188
90 190
92 191
94 194
112 195
116 201
118 202
120 210
122 221
124 230
126 236
128 257
130 289
132 290
134 295
136 299
138 312
140 318
142 319
144 328
146 337
148 346
150 360
152 384
154 389
156 455
158 459
160 468
162 470
164 475
166 477
168 478
170 489
172 490
176 492
178 493
180 497
182 499
184 504
186 517
188 528
190 540
192 546
196 551
198 555
200 558
202 583
204 601
208 1091
210 1108
212 1111
214 1115
216 1118
218 1128
220 1354
222 1482
224 1489
226 1498
228 1502
230 1508
232 1513
234 1561
236 1568
238 1584
240 1588
242 1610
244 1615
246 1619
248 1622
250 1625
252 1702
254 1747
256 1785
258 1813
260 1821
262 1834
264 1842
266 1846
268 1868
270 1874
272 1878
274 1905
276 1912
278 1916
280 1922
282 1933
284 1939
286 1948
288 1957
290 1978
292 1980
294 1988
296 1992
298 2002
300 2008
302 2016
304 2018
306 2024
308 2026
310 2034
312 2039
314 2048
316 2050
318 2058
320 2078
322 2082
324 2084
326 2088
328 2096
330 2103
332 2110
334 2113
336 2117
338 2120
340 2129
342 2131
344 2133
346 2134
350 2137
352 2140
354 2148
356 2229
358 2232
360 2234
362 2242
366 2243
368 2246
370 2256
372 2267
374 2283
376 2316
378 2317
380 2321
382 2324
384 2682
386 2686
388 2701
390 2708
392 2714
394 2724
396 2730
398 2733
400 2735
402 2737
404 2741
406 2745
408 2748
410 2752
414 2753
416 2757
418 2763
420 2778
422 2782
424 2786
426 2792
428 2797
430 2804
