0
202
8 0
10 2
12 5
14 10
16 43
18 45
20 47
22 51
24 57
26 92
28 103
30 116
32 123
34 128
36 135
38 138
40 144
42 160
44 164
46 166
48 168
50 175
52 176
54 186
56 189
58 194
60 221
62 225
64 230
66 233
68 236
70 238
72 240
74 250
76 256
78 266
80 270
82 273
84 276
88 279
90 283
92 286
94 290
96 293
98 294
100 295
102 296
104 298
106 300
108 302
110 304
112 306
114 314
116 316
132 318
134 319
136 323
138 335
140 341
142 344
144 355
146 366
148 375
150 388
152 413
154 418
156 484
158 490
160 501
162 505
164 512
166 516
168 519
170 532
172 536
174 541
176 544
178 547
180 553
182 557
184 564
186 579
188 591
190 601
192 607
196 612
198 617
200 621
202 643
204 655
206 1137
208 1139
210 1158
212 1163
214 1169
216 1174
218 1184
220 1408
222 1538
224 1547
226 1557
228 1563
230 1570
232 1576
234 1622
236 1629
238 1645
240 1651
242 1671
244 1678
246 1684
248 1689
250 1694
252 1762
254 1808
256 1843
258 1866
260 1872
262 1881
264 1887
266 1891
268 1912
270 1917
272 1921
274 1947
276 1954
278 1958
280 1964
282 1974
284 1980
286 1988
288 1996
290 2017
292 2021
294 2030
296 2034
298 2044
300 2050
302 2058
304 2062
306 2067
308 2071
310 2081
312 2086
314 2095
316 2100
318 2108
320 2128
322 2132
324 2135
326 2139
328 2147
330 2154
332 2160
334 2164
336 2168
338 2172
340 2181
342 2185
344 2189
346 2193
348 2198
350 2200
352 2204
354 2212
356 2278
358 2281
360 2283
362 2288
366 2289
368 2293
370 2300
372 2309
374 2321
376 2347
378 2350
380 2356
382 2360
384 2712
386 2718
388 2734
390 2743
392 2752
394 2764
396 2773
398 2778
400 2782
402 2786
404 2791
406 2796
408 2800
410 2804
412 2807
414 2809
416 2816
418 2824
420 2837
422 2843
424 2849
426 2854
428 2859
430 2868
