0
201
8 0
10 2
12 4
14 6
16 22
18 24
20 26
22 30
24 32
26 39
28 44
30 49
32 51
34 53
36 55
38 57
40 59
42 61
44 63
46 65
48 67
50 69
52 71
54 73
56 75
58 77
60 79
62 81
64 83
66 85
68 87
70 89
72 91
74 97
76 99
78 101
80 103
82 105
84 107
88 109
90 111
92 113
94 114
96 116
98 117
100 118
102 119
104 121
106 123
108 125
110 127
112 129
114 131
116 133
132 136
134 138
136 141
138 143
140 145
142 147
144 149
146 151
148 153
150 155
152 157
154 159
156 161
158 163
160 165
162 167
164 169
166 171
168 173
170 175
172 177
174 179
176 181
178 183
180 185
182 187
184 189
186 191
188 193
190 195
192 197
196 199
198 201
200 203
202 205
204 207
206 209
208 211
210 213
212 215
214 217
216 219
218 221
220 222
222 224
224 226
226 228
228 230
230 232
232 234
234 236
236 238
238 240
240 242
242 244
244 246
246 248
248 250
250 252
252 253
254 254
256 256
258 258
260 260
262 262
264 264
266 266
268 268
270 270
272 272
274 274
276 276
278 278
280 280
282 282
284 284
286 286
288 288
290 290
292 292
294 294
296 296
298 298
300 300
302 302
304 304
306 306
308 308
310 312
312 314
314 316
316 318
318 320
320 322
322 324
324 326
326 328
328 330
330 332
332 334
334 336
336 338
338 340
340 342
342 344
344 346
346 348
348 350
350 352
352 354
354 356
356 358
358 359
360 360
366 361
368 362
370 364
372 366
374 368
376 370
378 372
380 374
382 376
384 378
386 380
388 382
390 384
392 386
394 388
396 390
398 392
400 394
402 396
404 398
406 400
408 402
410 404
412 406
414 408
416 410
418 412
420 414
422 416
424 418
426 420
428 422
430 424
