0
208
8 0
10 4
12 6
14 8
16 23
18 24
20 25
22 29
24 31
26 48
28 78
30 103
32 105
34 107
36 109
38 111
40 113
42 115
44 117
46 118
48 120
50 122
52 123
54 125
56 132
58 136
60 140
62 145
64 147
66 151
68 156
70 161
72 163
74 186
76 188
78 190
80 193
82 195
84 197
88 199
90 200
92 205
94 209
96 211
98 212
100 213
102 214
104 216
106 218
108 220
110 222
112 224
114 226
116 228
118 246
120 248
122 250
124 252
126 254
128 256
130 258
132 260
134 296
136 300
138 317
140 319
142 321
144 323
146 325
148 327
150 329
152 331
154 333
156 335
158 337
160 339
162 341
164 343
166 345
168 347
170 349
172 351
174 352
176 353
178 355
180 357
182 359
184 361
186 363
188 365
190 367
192 369
196 371
198 373
200 375
202 377
204 379
206 381
208 385
210 395
212 397
214 399
216 401
218 403
220 404
222 406
224 408
226 410
228 412
230 414
232 416
234 418
236 420
238 422
240 424
242 426
244 428
246 430
248 432
250 434
252 435
254 436
256 438
258 440
260 442
262 444
264 446
266 448
268 450
270 452
272 454
274 456
276 458
278 460
280 462
282 464
284 466
286 468
288 470
290 472
292 474
294 476
296 478
298 480
300 482
302 484
304 486
306 488
308 490
310 493
312 495
314 497
316 499
318 501
320 503
322 505
324 507
326 509
328 511
330 513
332 515
334 517
336 519
338 521
340 523
342 525
344 527
346 529
348 531
350 533
352 535
354 537
356 539
358 540
360 541
366 542
368 543
370 545
372 547
374 549
376 558
378 560
380 562
382 564
384 565
386 567
388 569
390 571
392 573
394 575
396 577
398 579
400 581
402 583
404 585
406 587
408 589
410 591
412 593
414 595
416 597
418 599
420 601
422 603
424 605
426 607
428 609
430 611
