0
80
46 0
48 5
50 10
52 12
54 16
56 18
58 20
60 35
62 52
64 54
66 58
68 78
70 84
72 87
74 124
76 128
78 132
80 139
82 141
84 143
88 147
90 155
92 159
94 163
96 166
98 167
100 168
102 169
104 171
106 173
108 175
110 177
112 179
114 181
116 183
118 185
120 187
122 189
124 191
126 193
128 195
130 197
132 199
134 201
136 203
138 205
140 207
142 209
144 211
146 213
148 215
150 217
152 219
154 221
156 223
158 225
160 227
162 229
164 231
166 233
168 235
170 237
172 239
174 241
176 243
178 245
180 247
182 249
184 251
186 253
188 255
190 257
192 259
196 261
198 263
200 265
202 267
204 269
206 271
430 273
