0
112
106 152726
107 203197
108 203996
109 206546
110 207005
111 207661
112 208176
113 209236
114 236299
115 251806
116 252764
117 253923
118 254562
119 255250
120 255832
121 261271
122 261984
123 263746
124 264371
125 266556
126 267357
127 267959
128 268429
129 268430
130 269028
131 282743
132 286859
133 289502
134 290074
135 291016
136 291586
137 292027
138 294406
139 294968
140 295383
141 298447
142 299142
143 299533
144 299547
145 300230
146 301311
147 301947
148 302839
149 303712
150 306118
151 306570
152 307569
153 307915
154 309001
155 309598
156 310457
157 310887
158 311351
159 311764
160 311912
161 312606
162 313093
163 314066
164 314401
165 315276
166 317621
167 317972
168 318222
169 318631
170 319548
171 320238
172 320844
173 321234
174 321620
175 321977
176 322963
177 323371
178 323727
179 324047
180 324575
181 324866
182 325296
183 326197
184 334022
185 334725
186 336285
187 337064
188 338064
189 339363
190 342374
191 342680
192 343282
193 343639
194 386977
195 387576
196 389465
197 390436
198 391361
199 392652
200 393464
201 393927
202 394342
203 394779
204 395314
205 395821
206 396251
207 396647
208 396955
209 397288
210 397877
211 398687
212 400117
213 400702
214 401300
215 401830
216 402400
217 403233
