0
212
0 0
2 2
4 4
6 6
8 8
10 14
12 16
14 18
16 33
18 35
20 37
22 41
24 43
26 55
28 65
30 75
32 77
34 79
36 81
38 83
40 85
42 87
44 89
46 91
48 95
50 97
52 98
54 99
56 104
58 105
60 110
62 116
64 118
66 124
68 129
70 135
72 137
74 167
76 169
78 170
80 175
82 177
84 179
88 180
90 181
92 187
94 192
96 194
98 195
100 196
102 197
104 199
106 201
108 203
110 205
112 207
114 209
116 211
118 219
120 221
122 223
124 225
126 227
128 229
130 231
132 233
134 237
136 241
138 245
140 247
142 249
144 251
146 253
148 254
150 255
152 257
154 259
156 260
158 262
160 264
162 266
164 268
166 270
168 272
170 274
172 276
174 277
176 278
178 280
180 282
182 284
184 286
186 288
188 290
190 292
192 294
196 296
198 298
200 300
202 302
204 304
206 306
208 310
210 316
212 318
214 320
216 322
218 324
220 325
222 327
224 329
226 331
228 333
230 335
232 337
234 339
236 341
238 343
240 345
242 347
244 349
246 351
248 353
250 355
252 356
254 357
256 359
258 361
260 363
262 365
264 367
266 369
268 371
270 373
272 375
274 377
276 379
278 381
280 383
282 385
284 387
286 389
288 391
290 393
292 395
294 397
296 399
298 401
300 403
302 405
304 407
306 409
308 411
310 415
312 417
314 419
316 421
318 423
320 425
322 427
324 429
326 431
328 433
330 435
332 437
334 439
336 441
338 443
340 445
342 447
344 449
346 451
348 453
350 455
352 457
354 459
356 461
358 462
360 463
366 464
368 465
370 467
372 469
374 471
376 477
378 479
380 481
382 483
384 484
386 486
388 488
390 490
392 492
394 494
396 496
398 498
400 500
402 502
404 504
406 506
408 508
410 510
412 512
414 514
416 516
418 518
420 520
422 522
424 524
426 526
428 528
430 530
