0
83
252 84632
254 85374
256 85650
258 85831
260 86622
262 86868
264 87027
266 88033
268 88376
270 88621
272 88964
274 89492
276 89844
278 90260
280 90706
282 91595
284 91707
286 92236
288 92448
290 93010
292 93378
294 93819
296 93911
298 94413
300 94518
302 94936
304 95477
306 96034
308 96084
310 96625
312 97675
314 97972
316 98031
318 98307
320 98999
322 99570
324 100141
326 100394
328 100701
330 100780
332 101504
334 101589
336 101669
338 101722
342 101886
344 101989
346 102346
348 105881
352 106225
354 106778
356 106795
358 106813
360 106845
362 107745
364 108650
366 109819
368 112035
370 112062
372 112591
374 112827
376 127325
378 127567
380 129285
382 131238
384 132806
386 135547
388 136226
390 136523
392 136765
394 137035
396 137519
398 137843
400 138396
402 140276
406 140406
408 146510
410 158019
412 182812
414 190163
416 192954
418 198030
420 201388
422 206967
