0
208
8 0
10 4
12 8
14 12
16 43
18 47
20 51
22 59
24 63
26 78
28 89
30 100
32 104
34 108
36 112
38 116
40 120
42 124
44 128
46 132
48 140
50 148
52 155
54 162
56 173
58 181
60 196
62 211
64 219
66 234
68 248
70 263
72 271
74 337
76 345
78 352
80 367
82 375
84 383
88 391
90 399
92 414
94 425
96 433
98 437
100 441
102 445
104 453
106 461
108 469
110 477
112 485
114 493
116 501
118 516
120 524
122 532
124 540
126 548
128 556
130 564
132 572
134 581
136 593
138 602
140 612
142 622
144 632
146 642
148 651
150 660
152 670
154 679
156 688
158 698
160 708
162 718
164 728
166 738
168 748
170 758
172 768
174 777
176 786
178 796
180 806
182 816
184 826
186 836
188 846
190 856
192 866
196 876
198 886
200 896
202 906
204 916
206 926
208 939
210 952
212 958
214 964
216 970
218 976
220 979
222 985
224 991
226 997
228 1003
230 1009
232 1015
234 1021
236 1027
238 1033
240 1039
242 1045
244 1051
246 1057
248 1063
250 1069
252 1072
254 1075
256 1081
258 1087
260 1093
262 1099
264 1105
266 1111
268 1117
270 1123
272 1129
274 1135
276 1141
278 1147
280 1153
282 1159
284 1165
286 1171
288 1177
290 1183
292 1189
294 1195
296 1201
298 1207
300 1213
302 1219
304 1225
306 1231
308 1237
310 1247
312 1253
314 1259
316 1265
318 1271
320 1277
322 1283
324 1289
326 1295
328 1301
330 1307
332 1313
334 1319
336 1325
338 1331
340 1337
342 1343
344 1349
346 1355
348 1361
350 1367
352 1373
354 1379
356 1385
358 1388
360 1391
366 1394
368 1397
370 1403
372 1409
374 1415
376 1428
378 1434
380 1440
382 1446
384 1452
386 1458
388 1464
390 1470
392 1476
394 1482
396 1488
398 1494
400 1500
402 1506
404 1512
406 1518
408 1524
410 1530
412 1536
414 1542
416 1548
418 1554
420 1560
422 1566
424 1572
426 1578
428 1584
430 1590
